1 99 98
1 105 99
1 102 105
1 100 103
1 98 100
102 1 101
101 1 103
2 106 102
2 111 106
2 108 111
2 109 108
2 104 107
2 102 104
2 110 109
2 107 110
3 118 112
3 116 117
3 117 118
3 112 113
3 114 116
3 113 114
119 4 122
4 115 122
4 114 115
4 121 114
4 123 121
4 120 123
120 4 119
5 126 124
5 113 112
5 112 126
5 122 113
5 125 122
5 124 125
128 6 129
6 130 129
6 131 130
6 127 131
6 132 127
132 6 128
133 137 7
135 7 136
7 139 136
139 7 137
133 7 138
7 134 138
134 7 135
8 142 146
8 143 142
140 143 8
8 144 140
8 146 141
8 141 144
9 147 153
9 148 152
9 153 148
9 150 147
9 152 151
9 151 150
10 156 157
10 155 153
10 157 155
10 154 156
10 153 147
10 147 154
11 158 160
11 160 159
11 159 163
11 163 162
11 162 161
11 161 158
12 169 133
12 164 169
12 166 164
12 133 138
12 165 166
12 167 165
12 168 167
12 138 168
168 13 167
13 165 167
165 13 170
172 13 174
174 13 168
170 13 171
171 13 172
14 175 180
14 176 175
14 164 166
14 180 164
14 178 176
14 177 178
14 179 177
14 166 179
166 15 179
15 177 179
170 15 165
165 15 166
15 181 177
181 15 183
15 182 183
182 15 170
16 184 189
16 188 185
16 189 188
16 186 184
16 187 186
16 185 187
17 191 194
17 194 195
17 195 192
17 192 193
191 17 190
190 17 193
18 199 196
197 198 18
18 198 199
18 196 195
18 195 194
18 194 197
201 19 206
19 192 204
205 19 204
19 205 206
19 201 202
192 19 203
19 202 203
20 211 207
20 208 211
20 207 210
20 206 208
20 210 206
21 217 214
21 215 217
21 216 215
21 212 216
21 213 212
21 214 213
22 218 187
219 22 220
22 212 220
212 22 185
22 187 185
22 219 218
109 23 108
23 222 108
23 224 222
23 221 224
23 223 221
23 109 223
229 24 228
24 231 232
231 24 227
228 24 232
226 24 225
24 229 225
227 24 230
230 24 226
25 233 239
25 237 236
25 239 237
25 234 233
25 180 234
25 236 235
25 235 180
241 26 125
125 26 119
240 119 26
240 26 242
26 243 242
243 26 241
27 247 130
27 248 247
248 27 246
246 27 249
249 27 244
244 27 245
27 130 245
244 28 249
28 252 249
28 255 252
28 251 255
28 254 251
28 250 254
250 28 244
29 256 254
29 260 256
29 259 260
29 262 259
29 261 257
29 254 261
29 258 262
29 257 258
30 266 267
30 268 265
266 30 265
264 30 267
268 30 263
263 30 264
31 273 272
269 270 31
31 270 274
31 274 273
31 272 271
31 271 269
275 276 32
275 32 278
278 32 277
276 280 277
277 32 276
33 286 285
33 284 286
33 283 284
33 281 283
33 282 279
33 285 282
33 275 281
33 279 275
34 289 290
34 290 291
34 293 294
34 294 289
34 291 287
34 287 292
34 292 288
34 288 293
35 301 295
35 298 299
35 299 301
35 296 300
35 295 296
35 297 298
35 300 297
36 303 232
36 296 295
36 300 296
36 295 303
36 231 227
36 232 231
36 302 300
36 227 302
37 305 284
37 228 304
37 304 305
37 283 281
37 284 283
37 229 228
37 281 229
308 38 307
293 38 308
288 38 293
38 288 200
38 200 198
38 198 306
307 38 306
39 291 310
39 310 211
39 292 287
39 287 291
39 211 208
39 311 292
39 208 311
40 316 317
40 318 315
40 315 316
40 317 312
40 312 313
40 313 314
40 314 318
323 41 320
321 41 323
157 41 321
320 41 322
156 41 157
41 156 322
42 328 331
328 42 324
330 42 327
327 42 331
42 329 324
325 42 326
42 330 326
42 325 329
43 326 330
326 43 325
336 43 334
334 43 330
43 335 325
335 43 332
332 43 333
43 336 333
44 339 154
44 334 339
44 149 150
44 154 149
44 336 334
337 44 150
44 337 336
342 45 343
45 340 343
340 45 344
344 45 341
345 45 342
341 45 345
346 340 223
346 343 340
343 346 214
214 346 213
213 346 347
346 223 347
46 348 351
46 351 350
46 350 354
46 354 160
46 160 349
46 349 353
46 353 348
357 47 358
47 360 356
47 357 360
47 355 359
47 359 358
47 356 355
48 366 364
48 364 197
48 362 363
48 363 366
48 197 365
48 365 361
48 361 362
49 372 368
49 368 363
49 370 371
49 371 372
49 363 367
49 367 369
49 369 370
50 374 255
50 260 373
374 50 373
50 251 254
50 255 251
50 256 260
50 254 256
51 151 378
51 150 151
51 337 150
337 51 376
51 377 376
51 378 377
52 379 384
52 384 380
52 380 383
379 52 381
52 383 382
52 382 381
382 383 53
53 388 386
53 383 388
53 385 387
53 387 382
386 385 53
54 393 389
54 389 392
391 54 291
54 391 393
54 392 390
54 390 211
54 211 310
291 54 310
369 55 370
55 395 398
370 55 398
394 55 369
55 396 397
395 55 397
396 55 394
399 56 401
394 56 400
401 56 394
299 56 399
56 402 400
56 299 402
57 406 405
404 57 405
404 403 57
403 404 407
57 403 406
409 407 58
409 403 407
58 413 411
409 58 411
58 407 413
59 411 417
59 417 420
59 420 416
59 416 415
59 418 414
59 414 411
59 415 418
60 230 226
60 227 230
60 98 227
60 421 423
60 226 421
98 60 422
60 423 422
61 134 135
61 138 134
61 424 144
61 135 424
61 168 138
61 174 168
61 425 174
61 144 425
144 62 425
62 174 425
174 62 172
62 145 427
145 62 144
172 62 426
62 427 426
120 63 429
63 247 429
63 129 247
129 63 428
63 240 428
120 240 63
64 435 434
431 435 64
435 431 437
64 434 430
64 432 433
64 433 431
64 430 432
65 437 431
65 440 441
65 441 437
65 431 438
65 439 440
65 438 439
66 442 446
66 448 445
442 66 445
66 446 443
66 443 447
66 447 444
66 444 448
67 452 453
67 453 454
450 67 454
446 67 450
67 446 442
67 442 451
67 451 452
68 458 454
68 454 453
68 453 460
68 456 457
68 457 458
68 460 456
69 461 448
69 392 463
69 463 464
461 69 464
69 448 319
69 319 315
69 315 462
69 462 392
70 465 468
70 468 467
70 467 466
273 70 466
274 70 273
465 70 274
71 474 475
469 71 475
71 473 474
470 71 469
71 470 471
71 472 473
71 471 472
479 72 317
72 479 476
72 313 312
317 72 312
72 476 477
72 478 313
72 477 478
73 478 480
73 483 484
73 484 478
73 480 481
73 482 483
73 481 482
486 487 485
74 485 489
485 74 486
486 74 490
74 489 490
75 446 455
75 455 493
75 447 443
75 443 446
75 493 491
75 492 447
492 75 491
473 497 474
495 497 473
496 497 495
496 498 497
497 498 500
497 500 474
381 76 501
387 76 382
76 381 382
501 76 502
503 76 387
76 503 502
77 506 504
501 77 505
505 77 504
77 507 506
77 508 507
508 77 501
78 512 513
78 513 509
78 516 511
78 511 512
78 509 514
78 514 515
78 515 510
78 510 516
79 384 518
79 518 520
79 406 517
79 520 406
79 383 380
79 380 384
79 517 383
80 522 524
521 80 524
521 523 80
525 80 523
80 525 522
81 528 410
411 81 410
414 81 411
418 81 414
81 529 527
81 527 528
530 81 418
81 530 529
415 82 418
82 415 533
82 533 535
418 82 531
82 535 532
82 532 534
531 82 534
83 536 537
83 537 538
379 83 538
83 504 536
83 505 504
83 379 505
540 84 460
84 540 405
460 84 539
84 405 520
539 84 520
85 237 542
85 543 541
85 542 543
85 236 237
85 541 137
85 137 236
549 86 546
86 549 548
86 547 545
546 86 545
544 86 548
547 86 544
87 548 457
87 457 456
87 456 551
548 87 550
87 551 537
550 87 537
88 552 556
88 555 357
88 556 555
552 88 553
358 88 357
553 88 358
89 557 561
359 89 561
89 355 560
89 359 355
89 558 557
89 560 559
89 559 558
314 90 318
90 314 313
90 210 209
318 90 209
90 313 484
90 562 210
90 484 562
91 272 568
91 568 565
91 565 564
91 564 563
91 566 272
91 563 566
544 92 434
92 544 550
536 92 550
92 570 434
92 536 569
92 569 570
93 546 545
93 545 571
93 575 574
93 574 546
93 571 441
93 441 572
93 572 573
93 573 575
94 575 573
94 573 572
94 579 576
94 576 575
94 572 577
94 578 579
94 577 578
580 582 583
580 575 95
582 581 493
582 95 581
582 580 95
95 575 581
96 584 588
96 587 584
96 586 587
96 589 586
96 588 224
96 585 589
585 96 224
591 590 301
590 190 303
295 590 303
590 295 301
97 415 419
97 419 524
97 524 522
97 535 533
97 533 415
592 97 522
97 592 535
98 302 227
98 99 302
98 422 100
99 105 302
103 100 422
101 104 102
101 107 104
107 101 593
103 593 101
102 594 105
102 106 594
103 596 593
103 422 595
103 595 596
105 300 302
105 297 300
594 297 105
594 106 111
107 219 110
219 107 593
108 222 597
111 108 597
223 109 347
109 110 347
110 220 347
110 219 220
111 599 594
111 598 599
111 597 598
126 112 439
439 112 118
113 115 114
113 122 115
116 114 600
114 121 600
118 117 577
116 601 602
116 602 117
116 600 601
117 602 578
117 578 577
118 440 439
118 577 440
119 122 125
119 240 120
120 603 123
120 429 603
600 121 123
600 123 604
604 123 603
241 124 606
606 124 607
607 124 126
125 124 241
126 438 607
126 439 438
129 428 128
130 247 129
131 127 608
127 132 608
128 611 610
128 609 611
128 428 609
128 610 132
245 130 131
612 245 131
612 131 613
613 131 608
615 132 610
608 132 614
614 132 615
133 238 137
133 235 238
133 169 235
135 136 617
135 616 140
135 617 616
135 140 424
617 139 618
617 136 139
137 541 139
137 238 236
238 235 236
618 139 541
140 616 619
140 619 143
424 140 144
620 141 146
144 141 145
141 427 145
427 141 620
621 146 142
146 621 622
620 146 622
142 143 623
621 142 624
624 142 623
625 143 619
623 143 625
147 149 154
149 147 150
151 152 626
152 148 627
148 153 629
148 629 628
148 628 627
153 155 629
151 630 378
151 626 630
152 627 631
626 631 630
626 152 631
154 632 156
154 339 632
634 155 157
155 634 633
155 633 629
322 156 632
634 157 161
633 634 161
157 321 161
158 636 353
349 158 353
158 349 160
321 158 161
158 321 636
163 637 162
162 638 633
162 637 638
161 162 633
641 159 354
159 641 640
159 640 639
354 159 160
163 159 639
163 639 465
163 465 637
169 164 235
164 180 235
170 642 182
170 173 642
170 171 173
171 643 173
171 644 643
171 172 644
172 645 644
172 426 645
173 643 642
175 176 646
180 175 646
176 647 646
647 176 608
608 176 178
178 177 612
612 177 181
178 613 608
178 612 613
180 646 234
181 649 612
181 648 649
181 183 648
182 642 183
642 650 183
183 650 648
184 651 332
184 332 189
651 184 186
186 653 652
186 187 653
187 218 653
212 185 216
216 185 188
188 376 377
216 188 377
188 189 376
186 652 651
189 333 336
189 332 333
189 338 376
189 336 338
193 192 203
193 203 304
193 304 654
193 654 190
190 590 191
190 654 303
191 591 365
191 365 194
191 590 591
204 192 655
192 195 655
194 365 197
655 195 196
292 196 199
311 196 292
196 311 655
197 364 198
198 200 199
306 198 366
366 198 364
199 200 288
292 199 288
201 210 562
201 206 210
201 562 656
201 656 202
202 656 657
202 305 203
202 657 305
203 305 304
204 655 205
205 208 206
205 655 311
205 311 208
207 658 318
207 211 658
207 318 209
207 209 210
211 390 658
220 212 213
347 220 213
343 214 659
659 214 217
217 215 661
217 661 660
659 217 660
378 215 377
215 216 377
215 378 661
218 596 653
596 218 593
593 218 219
224 221 585
585 221 344
221 340 344
221 223 340
597 224 588
597 222 224
229 278 225
225 278 226
226 662 663
226 278 662
226 663 421
228 654 304
228 232 654
229 281 278
232 303 654
385 233 664
239 233 385
664 233 646
233 234 646
665 237 239
237 665 542
239 385 386
239 386 665
240 242 428
241 606 666
241 666 243
428 242 609
242 667 609
242 243 667
668 243 666
667 243 668
244 253 250
244 649 253
244 245 649
245 612 649
246 605 603
246 489 605
246 669 489
246 603 248
246 249 669
248 603 247
429 247 603
249 252 669
250 253 648
254 250 670
648 670 250
669 255 490
669 252 255
253 649 648
254 670 261
490 255 374
257 670 650
257 261 670
257 672 258
257 673 672
257 650 673
262 258 672
262 285 259
259 285 260
675 260 285
373 260 675
262 282 285
262 279 282
262 674 279
262 672 674
267 680 679
678 267 679
267 678 264
263 677 268
263 681 677
263 341 345
263 264 341
263 345 681
264 678 589
264 589 341
265 683 266
265 682 685
265 685 684
265 684 683
265 268 682
266 686 680
266 683 686
267 266 680
268 677 682
271 687 269
272 566 271
269 628 270
269 627 628
269 687 627
270 638 637
274 270 637
270 628 638
687 631 627
271 566 688
271 688 687
687 688 631
272 273 568
273 466 568
274 637 465
275 278 281
275 279 276
689 276 279
689 280 276
277 662 278
662 277 663
663 277 690
690 277 280
279 674 689
280 689 691
280 692 690
280 691 692
285 286 693
286 284 693
284 657 693
284 305 657
285 693 675
294 293 694
294 694 289
697 289 695
289 697 290
696 289 694
696 695 289
291 290 697
291 697 391
293 308 309
293 309 694
297 698 298
698 297 599
297 594 599
298 699 402
298 402 299
699 298 698
301 299 399
698 599 699
301 399 591
306 366 307
307 702 308
307 700 703
307 703 701
307 701 702
307 366 700
308 704 309
702 704 308
309 704 694
313 478 484
315 319 316
315 658 462
658 315 318
316 448 444
316 444 447
316 319 448
317 316 447
317 447 492
317 492 479
320 707 706
320 706 323
320 705 707
320 322 705
321 323 636
322 635 705
322 632 635
323 706 708
323 708 636
324 559 328
709 559 324
324 710 709
324 329 710
325 711 329
325 335 711
327 331 705
327 635 632
327 705 635
327 632 330
559 560 331
331 328 559
710 329 712
712 329 711
334 330 632
331 560 705
332 651 335
334 632 339
335 713 711
713 335 651
336 337 338
337 376 338
341 589 344
342 714 345
342 715 714
342 659 715
342 343 659
585 344 589
681 345 714
352 348 716
348 352 351
718 348 717
716 348 718
717 348 353
720 350 719
721 350 720
719 350 351
354 350 721
351 352 722
719 351 722
352 716 722
353 636 717
354 721 641
707 355 356
355 707 560
723 356 360
356 723 706
707 356 706
725 357 555
724 357 725
360 357 724
358 726 553
358 359 726
359 561 726
723 717 706
723 360 717
724 716 360
724 725 716
360 716 718
360 718 717
361 401 362
361 365 591
401 361 399
361 591 399
367 362 369
362 367 363
369 362 401
363 368 700
366 363 700
368 372 700
369 401 394
370 398 509
370 509 371
371 728 372
371 509 727
371 727 728
372 729 703
372 703 700
728 729 372
373 375 374
373 482 375
373 676 482
373 675 676
374 671 490
374 481 671
374 375 481
375 482 481
378 630 661
379 538 730
379 730 384
379 381 505
381 501 505
388 383 517
539 384 730
518 384 539
387 385 664
386 731 665
386 388 731
387 664 503
731 388 732
388 517 732
392 389 733
733 393 734
389 393 733
658 390 392
393 697 735
391 697 393
392 733 463
392 462 658
735 734 393
394 400 396
737 397 396
397 737 395
396 400 736
396 736 737
395 738 515
398 395 515
395 737 738
514 398 515
398 514 509
400 740 736
400 402 740
740 402 699
403 732 519
403 519 406
403 409 732
404 405 408
404 408 741
407 404 742
741 742 404
405 540 743
405 743 408
405 406 520
519 517 406
517 519 732
407 742 412
413 407 412
408 743 741
410 409 411
409 410 528
732 409 528
411 413 417
412 744 413
744 412 742
742 745 744
413 744 746
413 746 420
413 420 417
415 416 419
420 747 416
416 747 524
416 524 419
418 531 530
420 746 749
420 749 748
420 748 747
663 423 421
595 422 423
423 663 750
423 751 595
423 750 751
426 752 645
426 753 752
426 754 753
426 427 754
645 752 644
754 427 620
430 434 570
430 570 432
431 433 436
431 436 438
432 570 756
433 432 606
432 756 666
606 432 666
433 607 436
607 433 606
434 435 547
544 434 547
435 437 547
436 607 438
437 441 571
437 545 547
437 571 545
572 440 577
440 572 441
442 757 451
442 445 449
442 449 757
445 759 449
445 448 461
445 461 758
445 758 759
446 450 455
449 759 757
583 450 454
450 583 582
450 582 493
450 493 455
451 757 452
453 452 540
452 757 743
452 743 540
453 540 460
454 458 583
459 456 460
456 459 551
457 548 549
457 549 458
458 549 760
580 458 760
583 458 580
459 460 539
551 459 539
461 761 758
461 464 761
464 733 762
463 733 464
762 761 464
468 465 639
466 467 498
466 498 496
466 496 568
467 468 764
467 764 763
467 763 498
468 639 765
468 765 764
475 516 469
475 474 516
469 516 510
469 510 515
469 515 739
469 739 766
469 766 470
767 473 472
471 470 766
766 768 471
471 686 472
471 768 686
472 683 767
472 686 683
473 767 495
516 474 500
479 492 476
477 480 478
494 476 492
769 476 494
770 476 769
476 770 477
477 770 487
477 487 480
480 487 486
480 486 481
481 486 671
482 771 483
482 676 771
483 656 562
483 562 484
656 483 771
601 485 772
772 485 487
489 485 488
485 601 488
671 486 490
772 487 770
488 601 604
488 604 489
489 604 605
489 669 490
491 493 581
491 581 773
491 773 769
491 769 494
491 494 492
495 565 496
495 499 565
495 767 499
568 496 565
500 498 763
499 767 685
499 685 565
500 763 774
500 774 516
501 502 508
502 775 508
502 610 775
502 503 615
502 615 610
615 503 776
776 503 664
504 569 536
504 506 569
506 756 569
506 668 756
668 506 507
668 507 667
507 777 667
507 508 777
508 775 777
509 513 727
511 516 774
511 774 512
512 774 779
778 512 779
727 512 778
512 727 513
515 738 739
539 520 518
521 524 747
521 747 781
521 781 780
521 780 526
521 526 523
522 525 782
522 782 592
525 523 552
523 526 783
523 783 784
523 784 556
523 556 552
785 525 552
525 785 782
526 780 783
731 528 527
527 542 665
527 665 731
529 542 527
529 530 531
732 528 731
543 529 531
529 543 542
531 786 543
531 534 786
788 535 787
788 532 535
534 532 788
534 788 789
786 534 789
535 592 787
538 537 730
537 536 550
537 551 730
539 730 551
618 541 786
541 543 786
544 548 550
546 580 760
546 760 549
546 574 580
552 553 785
553 790 785
553 726 790
556 792 554
555 791 725
555 554 791
556 554 555
791 554 792
791 792 793
556 784 792
561 557 726
559 709 558
790 557 794
726 557 790
794 557 795
557 558 795
558 796 795
558 709 796
560 707 705
563 564 567
566 563 797
563 567 799
563 799 797
685 564 565
564 685 682
564 682 567
566 798 688
566 797 798
682 799 567
569 756 570
580 574 575
575 576 581
581 576 579
578 800 579
578 602 800
579 769 773
579 773 581
579 800 769
588 584 801
584 587 801
678 586 589
586 678 587
801 587 802
679 587 678
802 587 679
588 803 598
588 801 803
588 598 597
592 782 804
592 804 787
596 595 805
595 751 805
596 805 653
599 598 699
699 598 803
600 604 601
602 601 772
602 772 800
603 605 604
608 614 647
614 615 647
611 609 777
610 611 777
609 667 777
610 777 775
615 776 647
616 617 619
619 617 806
806 617 618
619 806 625
618 789 806
618 786 789
620 622 807
620 755 754
620 807 755
621 795 796
621 624 795
796 622 621
622 796 808
622 808 807
795 624 794
624 809 794
624 623 809
623 810 809
623 625 810
625 806 811
625 811 810
628 629 638
629 633 638
630 631 812
630 812 661
631 688 812
717 636 708
640 641 721
640 721 813
639 640 765
765 640 813
642 673 650
642 643 673
643 814 673
814 643 815
643 644 815
644 752 815
664 646 647
647 776 664
648 650 670
651 816 713
651 652 816
652 817 816
652 805 817
652 653 805
656 771 657
657 771 693
659 660 715
812 660 661
660 818 715
818 660 812
663 690 750
666 756 668
674 672 689
689 672 814
672 673 814
675 771 676
693 771 675
799 682 677
799 677 714
677 681 714
679 819 802
679 680 819
680 768 819
680 686 768
683 684 767
684 685 767
812 688 818
688 798 818
798 797 818
689 814 691
690 820 750
690 692 820
692 691 821
691 814 815
821 691 815
692 822 820
692 821 822
823 694 704
823 696 694
695 825 735
695 824 825
695 735 697
695 696 824
696 823 793
696 793 824
699 803 740
826 703 729
826 701 703
702 701 826
826 827 702
704 702 827
827 828 704
828 823 704
708 706 717
709 808 796
709 710 808
710 829 808
829 710 712
712 711 831
711 713 831
712 833 829
712 831 833
713 834 831
713 816 834
714 797 799
714 715 797
715 818 797
716 725 835
716 835 722
719 828 827
719 827 720
719 722 828
720 827 826
720 826 836
720 836 721
721 836 813
837 722 835
837 828 722
835 725 837
725 791 837
728 727 778
838 728 778
728 838 729
836 729 838
826 729 836
734 762 733
734 839 762
734 735 840
734 840 839
735 825 840
736 841 737
841 736 842
736 740 842
738 737 843
843 737 841
738 766 739
766 738 843
740 803 842
757 741 743
741 757 759
745 741 759
742 741 745
844 744 745
749 744 844
746 744 749
745 761 844
745 759 761
747 748 845
747 845 781
748 749 845
749 844 839
749 839 845
751 750 846
750 820 846
805 751 817
751 846 817
752 821 815
752 847 821
752 753 847
753 754 847
754 755 849
754 848 847
754 849 848
849 755 807
759 758 761
761 762 844
762 839 844
764 765 850
764 850 779
765 813 850
763 764 779
763 779 774
766 843 768
819 768 843
769 800 770
770 800 772
778 779 850
778 850 838
780 845 840
825 780 840
780 825 783
780 781 845
782 785 851
782 851 804
783 825 824
783 824 792
783 792 784
851 785 790
787 811 788
810 787 804
787 810 811
789 788 811
789 811 806
851 790 794
793 837 791
792 824 793
793 823 837
794 809 851
801 842 803
801 802 842
802 841 842
802 819 841
804 851 809
804 809 810
807 808 829
849 807 830
807 829 830
813 836 838
813 838 850
816 852 834
816 817 852
817 846 852
819 843 841
820 853 846
820 822 853
822 821 847
822 854 853
822 847 854
823 828 837
830 829 833
830 833 849
833 831 832
831 834 832
832 855 833
832 834 855
834 852 855
833 856 849
833 855 856
839 840 845
846 853 852
854 847 848
854 848 849
849 856 854
852 853 855
855 853 854
854 856 855
