5.7916 -3.9225 -4.8648
8.3327 -4.809 -4.7845
-14.739 -3.7257 -1.625
-13.838 -2.412 -3.401
-16.228 -2.5861 -2.6008
-11.424 1.5732 -4.1455
-4.5294 7.0637 -2.3722
-0.65661 6.3098 -2.7327
12.242 3.0915 -0.59269
10.643 4.0629 0.43982
9.8084 1.8755 3.5576
-5.4854 5.0975 -3.6114
-3.9763 3.8944 -4.4873
-7.7914 3.9995 -3.6136
-6.1795 2.8766 -4.5122
9.1012 0.7182 -4.6422
1.6766 -4.5416 0.36235
1.9123 -3.7996 2.67
-0.86784 -3.3498 0.51329
-2.4244 -3.1928 2.3897
11.504 -1.521 -3.7718
9.2046 -1.2904 -4.9462
10.622 -5.7538 -4.2673
2.1984 -3.5793 -3.6033
-7.8921 6.3537 -1.5782
-15.31 -0.58606 -3.2268
-10.064 -0.3731 -4.6022
-7.8062 -1.308 -4.5049
-4.707 -1.4884 -4.7213
14.243 -6.8267 -0.52685
13.466 -0.37717 1.7237
-0.11587 -1.9042 -5.0183
-1.6407 -2.6553 -3.6255
0.65289 -1.5033 4.6239
5.2723 -5.8746 -1.6269
3.7186 -4.7772 -2.6128
-0.14018 -3.6891 -2.6035
3.0129 -2.4032 4.3293
-0.87378 -2.7032 3.5929
-6.2546 -2.7985 2.5899
9.1122 4.6845 1.3434
5.9996 3.8741 -1.486
7.4433 2.7156 -2.5876
9.7899 3.1207 -1.5892
13.345 -4.7505 -3.1554
7.6319 1.7943 4.6964
4.5224 4.2944 2.5659
4.4253 -4.8619 2.6227
6.5779 -5.0079 3.7586
-6.2496 -2.4626 -3.4779
11.534 1.808 -2.7572
-12.204 4.6002 1.2582
-10.222 5.5084 0.66594
-2.3121 -1.4406 4.5047
7.5779 -6.8198 2.5387
6.0671 -6.7634 0.47132
-9.3129 3.5727 4.1366
-7.0136 4.4515 3.9372
-4.7637 5.2458 3.7872
3.4656 -2.8672 -4.9011
-3.2181 6.2084 -3.6627
-1.5818 4.9602 -4.4578
-12.795 -0.37717 -4.1514
-17.401 -0.14328 0.46557
-17.075 -2.7639 0.44076
-8.5431 -1.2604 4.3672
-10.833 -0.4781 4.8903
-13.237 0.75276 4.6322
-5.4886 -1.2722 4.3482
12.141 -1.474 3.4447
12.712 -6.8747 3.4486
-7.7781 -3.3452 1.5454
-6.2472 -3.5247 -0.55608
-9.3129 -3.0962 -2.0615
-10.087 -2.3947 3.3093
-12.422 4.6867 -0.59005
-14.546 3.5431 -0.30497
9.7685 -5.9548 4.6303
-10.88 4.1994 2.6143
-1.0731 4.8971 4.0983
-6.2304 6.093 2.5518
-3.9299 7.0314 2.3774
-14.325 3.4927 1.4817
-11.39 2.64 4.2887
-6.3434 7.4289 -0.58922
-16.036 -0.4819 3.3565
-14.535 1.7267 3.4467
2.0616 3.8827 3.4744
3.7079 4.8041 0.49034
-4.7116 -3.3196 1.3897
14.507 -2.5917 1.5035
-16.172 1.7812 1.4494
-15.457 -2.6022 2.5055
-13.934 -3.6833 1.4984
-13.145 -2.199 3.1749
11.377 -7.377 -2.6875
-2.412 6.1748 3.5044
4.4841 -3.6539 -4.6119
5.2491 -4.3391 -4.2328
5.2491 -3.2413 -5.2448
6.7568 -3.5617 -5.2743
6.8437 -4.6789 -4.546
6.0078 -2.5265 -5.659
7.5483 -4.1594 -5.0819
5.8432 -4.9464 -3.8091
7.5483 -5.3406 -4.1475
8.3273 -3.5539 -5.3003
9.25 -5.6908 -4.249
9.8504 -4.8902 -4.806
9.2707 -3.9032 -5.095
8.2421 -5.9534 -3.7136
-16.121 -3.383 -1.4313
-15.272 -3.2274 -2.4123
-13.91 -3.2639 -2.4947
-14.678 -2.9589 -2.9501
-13.108 -3.6998 -1.5974
-13.901 -4.0475 -0.53719
-15.528 -3.7136 -0.5523
-14.7 -1.4991 -3.6345
-13.132 -1.4311 -3.9648
-13.145 -2.9586 -2.9498
-15.26 -2.3354 -3.1425
-12.36 -2.3569 -3.413
-16.638 -1.4705 -2.4471
-15.872 -1.4705 -3.15
-17.008 -2.5821 -1.5727
-10.846 2.2439 -4.0027
-12.396 1.8566 -3.6883
-12.237 0.48981 -4.2167
-10.75 0.72221 -4.5287
-10.101 1.7307 -4.3614
-11.585 2.7499 -3.3574
-5.4283 6.3986 -2.7803
-3.948 6.6912 -3.0553
-3.2572 7.38 -2.6908
-3.948 7.7187 -1.978
-5.5091 7.3852 -1.6119
-4.506 5.9215 -3.3976
-4.5288 7.8765 -1.3547
-1.676 7.2095 -2.6102
-0.29384 5.689 -3.376
-0.16745 6.0837 -1.5863
-1.0623 7.0513 -1.5193
-1.6237 6.1826 -3.6864
-0.88229 5.5517 -4.0286
0.26538 5.6334 -2.5829
11.192 3.4618 -0.30325
12.651 2.7458 0.2546
10.614 3.3784 -0.99252
11.392 3.0047 -1.648
12.38 2.1343 -1.855
13.235 2.1433 -0.71637
11.74 3.4161 0.46557
9.782 3.7704 -0.39883
11.037 3.708 1.3411
9.2563 4.4271 0.29737
10.005 4.3162 1.5692
9.0621 2.9169 3.4562
9.6223 0.59771 4.43
8.9318 1.6242 4.16
10.195 3.1225 2.6815
10.779 2.0355 2.9264
10.655 0.78013 3.641
-6.8631 4.9217 -3.2435
-5.3069 3.799 -4.2014
-6.2935 4.1264 -3.7636
-4.7144 4.5159 -4.082
-3.9188 5.1958 -3.9815
-6.2472 5.6152 -3.0715
-4.7501 2.9115 -4.8113
-3.1616 3.0157 -5.0103
-2.4897 4.0767 -4.7016
-3.948 2.3942 -5.1586
-3.0288 4.9163 -4.2516
-8.5465 4.5706 -3.1167
-9.2727 3.8542 -3.3907
-7.6981 2.7088 -4.3851
-8.734 3.097 -4.0281
-7.0136 3.4114 -4.0717
-7.8249 5.2411 -2.8213
-7.0047 1.7444 -4.9805
-5.4808 2.2454 -5.0202
-6.0599 1.5757 -5.1656
8.1681 1.4578 -4.4827
9.7323 -0.42949 -4.4192
7.7227 0.94684 -5.0607
8.4439 -0.16495 -4.9837
10.019 0.96221 -4.0547
9.0651 1.9424 -3.647
2.056 -4.9289 -0.46852
2.7804 -5.2327 0.68908
0.70832 -3.5152 0.45781
0.94897 -4.3248 -0.55057
2.3204 -4.6122 1.4682
1.4202 -3.6519 1.4839
1.0068 -3.1489 2.4979
2.9794 -4.5171 2.3623
3.0105 -3.5636 3.415
1.5964 -3.1839 3.312
2.1834 -2.952 3.8747
-2.2548 -3.7924 0.52876
-1.5745 -3.8801 -0.45322
-0.093695 -3.7981 -0.41833
-0.11587 -3.076 0.94154
-0.73934 -2.9716 1.6711
-1.6213 -3.3317 1.5173
-3.3225 -2.9201 2.6421
-1.4979 -2.9796 2.6843
-3.948 -3.1236 2.002
-3.1195 -3.5044 1.4231
-2.3442 -2.5117 3.4463
10.295 -1.6827 -4.478
11.262 -2.7691 -4.268
12.006 -2.612 -3.4513
12.007 -0.62038 -3.1881
10.821 -0.4247 -3.8696
12.505 -1.4705 -3.0571
8.3492 -1.4274 -5.2221
8.9983 -2.5373 -5.2139
9.9631 -2.5846 -4.9044
11.53 -6.0182 -3.9598
9.8476 -6.2241 -3.9524
11.285 -4.7648 -4.4067
10.608 -6.7696 -3.4254
1.417 -3.0771 -4.076
2.1998 -2.6575 -4.707
3.5062 -3.9042 -3.851
1.3522 -3.9024 -2.7515
0.62462 -3.2765 -3.5114
2.9498 -3.2755 -4.2605
2.9498 -4.2166 -3.1028
2.3313 -4.3557 -2.412
-9.1984 5.8639 -1.4221
-8.5465 5.689 -2.1239
-6.9721 6.0466 -2.4374
-6.8606 6.8535 -1.3767
-7.6474 6.8403 -0.32142
-6.2472 6.7266 -2.0721
-8.6748 6.3658 -0.61569
-14.023 -0.32621 -3.747
-16.207 -0.37015 -2.5894
-14.531 0.51909 -3.2209
-15.44 0.67146 -2.4588
-8.6056 -0.45709 -4.8303
-9.3666 0.80236 -4.7606
-10.057 -1.6741 -3.7832
-11.62 -0.41889 -4.2974
-10.846 -1.0024 -4.1801
-9.1716 -1.3313 -4.2984
-7.1891 -0.56651 -5.0238
-7.0136 -1.9636 -4.0573
-8.5465 -1.8771 -3.9769
-7.7801 0.16782 -5.1248
-6.1472 -1.4125 -4.5715
-7.7978 -2.4422 -3.4563
-5.4808 -2.0183 -4.1081
-4.7317 -0.28351 -5.3372
-3.948 -0.98108 -5.1764
-3.948 -2.132 -4.2138
-4.6961 -2.5455 -3.6042
-5.4808 -0.83045 -5.0364
-3.1667 -1.6732 -4.8029
14.47 -5.8545 -1.5579
13.72 -7.1477 -1.5615
14.817 -5.9865 0.62015
13.997 -7.2512 0.62409
13.582 -7.6789 -0.3528
14.802 -5.6795 -0.38161
13.411 0.49876 1.2962
12.558 0.54754 2.2042
14.174 -0.37717 0.70728
13.946 -1.2567 1.6686
13.161 -1.2894 2.6561
12.455 -0.15032 2.6822
-0.81551 -2.2524 -4.4362
-0.90682 -1.3855 -5.2874
0.63553 -1.3019 -5.5459
0.72812 -2.5229 -4.5721
-1.8729 -1.7247 -4.8579
-0.177 -0.45523 -5.8013
-0.27392 -2.9593 -3.757
-2.4151 -2.1718 -4.2508
-0.88229 -3.1633 -3.14
-1.573 -3.4372 -2.4096
-3.1787 -2.6573 -3.6355
-2.4151 -3.0135 -3.0008
-0.11587 -2.1832 4.1764
1.588 -2.3965 4.1479
0.6465 -0.28863 5.2601
-0.11587 -0.86893 4.9872
-0.87741 -1.4893 4.589
0.66871 -2.766 3.623
2.206 -1.6881 4.6698
1.417 -0.90534 5.021
3.8797 -5.3718 -1.3447
4.4826 -5.3357 -2.1105
6.0495 -5.777 -2.5872
6.1946 -6.426 -1.3292
5.6118 -6.4197 -0.55057
5.06 -5.2595 -2.8052
4.461 -5.8597 -0.54195
4.5875 -4.6392 -3.5376
2.9179 -4.9359 -1.6023
0.54339 -4.1303 -1.5261
-0.87326 -3.9802 -1.5495
3.7162 -3.0973 4.0098
4.4704 -2.5737 4.5505
3.5651 -1.6301 4.8788
2.9498 -0.95148 5.0639
-1.6487 -2.0663 4.0678
-0.1095 -2.8429 2.4914
-7.0136 -3.1799 2.0543
-6.2438 -3.3851 1.4079
-5.4808 -3.1292 2.0072
-5.4838 -2.1264 3.4224
-7.0042 -2.1712 3.4323
-7.6927 -2.8132 2.6747
-4.7102 -2.752 2.5846
-6.2472 -1.8222 3.8409
7.5659 5.1075 1.46
9.1596 4.2078 2.4912
8.3363 4.6331 0.58791
8.1908 4.7361 2.3337
4.649 4.4841 -1.7997
6.1645 3.3422 -2.7937
6.7819 3.3749 -2.0054
6.8173 4.1711 -0.6577
5.2491 4.5138 -1.0317
5.1966 3.9367 -2.6042
7.3637 3.5324 -1.3806
5.8482 4.6533 -0.36696
7.5998 2.0631 -3.7694
8.3147 2.3157 -3.0534
8.2901 3.0459 -1.7744
6.514 2.7585 -3.4296
9.0797 2.5717 -2.5044
10.566 2.6968 -2.431
9.8476 2.3246 -3.0616
9.0812 3.4378 -1.0478
12.369 -4.7343 -3.8716
13.693 -5.8299 -2.6293
13.688 -3.662 -2.5992
12.624 -3.8842 -3.4322
12.671 -5.6692 -3.4809
14.045 -4.7505 -2.4139
11.792 -3.6572 -4.1452
10.743 -3.6846 -4.7199
6.7561 2.8955 4.4264
8.3147 2.4061 4.0685
7.4849 0.54329 5.3654
6.6133 1.6086 5.136
6.0155 2.3137 4.9988
7.7371 3.1345 3.9796
8.5409 1.0105 4.7755
4.4624 4.7451 1.5524
5.3851 4.7251 2.3396
3.7917 3.7773 3.4513
2.9472 4.0042 2.5132
3.5481 4.4443 1.6753
5.2388 4.0072 3.5172
4.5411 -5.6913 1.4997
5.5686 -5.6864 2.3346
5.3636 -4.5648 3.4314
3.7162 -4.2394 3.039
3.5581 -5.1676 1.6597
4.4661 -3.797 3.7657
6.0155 -5.3421 3.0476
6.0155 -4.2801 4.093
6.6028 -6.0702 2.7189
7.5478 -5.9176 3.5894
7.5433 -4.7713 4.6165
6.6167 -3.8771 4.7164
-5.4827 -3.0166 -2.695
-7.0077 -3.0135 -2.6944
-6.2472 -3.2131 -2.1702
10.464 1.7392 -3.4658
11.112 0.51249 -3.4713
12.187 0.7319 -2.7325
-13.213 4.1197 1.5013
-11.612 4.507 1.9565
-12.796 4.5914 0.46557
-11.555 5.0291 0.43596
-10.797 5.0099 1.4893
-12.351 3.9503 2.4175
-9.953 5.7448 -0.31099
-9.2017 5.9996 0.41332
-11.011 5.3025 -0.631
-9.5251 5.3369 1.7503
-3.1816 -0.82719 4.9484
-3.1816 -1.9213 3.933
-1.6487 -0.84096 4.9612
-3.9626 -1.3147 4.3835
-2.414 -0.29122 5.2405
6.7866 -6.9484 1.4982
8.9172 -7.3598 2.6733
7.9047 -7.5221 1.4817
8.3147 -7.4858 1.9916
8.5098 -6.7191 3.2814
5.1566 -6.2891 0.46406
7.4455 -7.419 0.4765
5.832 -6.3427 1.7021
6.8154 -6.9351 -0.59267
-8.5659 4.2602 3.6536
-8.768 3.1733 4.7771
-10.077 2.8977 4.5257
-9.9986 3.8734 3.3463
-7.8148 3.8667 4.3846
-9.3129 2.428 5.105
-7.6141 4.8898 3.3351
-7.0136 5.5531 2.9288
-6.2691 5.1087 3.5336
-7.0136 3.4236 5.0142
-6.3548 4.0819 4.6101
-5.4808 5.7282 3.0915
-3.9161 5.904 3.3851
-3.7971 4.9539 4.2041
-5.4808 4.7032 4.1711
-4.7423 6.3271 2.749
-3.1816 5.5277 3.9213
-4.6981 4.2512 4.7509
2.9498 -2.1842 -5.2785
4.4574 -2.3977 -5.5445
3.6747 -1.521 -5.7905
-2.4151 6.8929 -3.2428
-2.4151 5.6095 -4.0823
-0.86418 4.1007 -4.9805
-0.17447 4.8681 -4.5065
-13.227 0.74049 -3.7342
-12.379 -0.95542 -4.1364
-17.023 0.71617 0.46557
-17.558 -1.497 0.47701
-16.855 0.65895 -0.57715
-17.386 -0.52368 -0.40162
-16.879 0.62042 1.386
-17.292 -0.37717 1.2312
-17.578 -1.4705 -0.55057
-17.262 -1.5693 1.6596
-17.337 -2.3492 -0.55057
-16.653 -3.1946 -0.55057
-16.151 -3.319 0.51012
-16.534 -2.7499 1.6916
-9.3133 -0.48324 4.9267
-9.3129 -1.9014 3.9145
-7.7801 -1.8735 3.8886
-7.7749 -0.48 4.9272
-10.083 -1.286 4.395
-8.5363 -2.3616 3.2799
-7.0112 -1.2696 4.3622
-8.5465 0.05264 5.1468
-11.558 -1.321 4.3248
-10.079 0.071609 5.1292
-10.86 0.69635 5.1461
-11.73 0.71954 4.9993
-12.358 -0.48928 4.6405
-10.846 -1.9156 3.9277
-13.722 1.5721 4.0579
-14.54 0.49899 4.1458
-13.796 -0.33867 4.4541
-13.145 2.2444 3.9182
-12.386 1.8259 4.5562
-6.2451 -0.48546 4.9546
-4.7144 -1.8259 3.8443
-4.7144 -0.74569 4.8727
-5.299 -0.20113 5.1417
11.523 -0.27847 3.5952
12.999 -2.5878 3.6511
12.151 -2.5849 4.4706
11.326 -1.4379 4.4323
11.38 -7.0999 3.5599
12.147 -7.4362 2.9617
12.748 -7.5676 2.2869
13.658 -6.9247 2.4841
13.631 -5.8005 3.4796
12.621 -5.6615 4.4012
12.147 -6.5097 4.1328
-9.3591 -3.5413 1.4457
-8.557 -3.6495 0.46583
-7.0134 -3.5904 0.46881
-8.5465 -3.2122 2.0843
-7.7804 -3.5343 -0.55825
-7.0164 -3.3271 -1.6055
-5.481 -3.3752 -1.6033
-4.6429 -3.6128 -0.55207
-5.48 -3.5389 0.4727
-10.08 -3.2856 -1.4708
-8.5542 -3.3132 -1.4748
-9.4337 -3.5914 -0.51213
-10.846 -3.0996 -2.0647
-10.079 -2.7349 -2.6669
-8.6144 -2.8719 -2.6301
-10.854 -2.933 2.5789
-9.3187 -2.9573 2.5881
-11.63 -2.3476 3.2705
-10.079 -3.2503 2.1197
13.888 -4.7505 3.2606
13.56 -3.5598 3.3995
13.316 -4.7505 4.0476
12.717 -3.8218 4.4223
14.364 -4.7505 2.4979
12.358 -4.7253 4.8102
-13.405 4.2005 -0.63013
-12.691 4.149 -1.7247
-11.467 4.8306 -1.5059
-14.975 3.1781 0.60504
-13.964 4.0566 0.45529
-15.223 2.7633 -0.3774
-14.593 2.8522 -1.5141
-13.777 3.6157 -1.3915
8.4708 -5.6499 4.3582
10.614 -6.5677 4.1868
10.614 -5.4071 5.1404
9.8481 -4.6628 5.4197
9.0812 -5.2408 4.9858
9.0812 -6.3732 4.006
9.8242 -6.985 3.5249
11.371 -6.0529 4.7069
-9.8891 4.6445 2.3365
-11.612 3.5704 3.1183
-9.3129 4.3907 2.8645
-11.027 3.3583 3.6969
-1.5618 4.1951 4.8155
-1.4838 5.5136 3.6895
-0.05271 4.1235 4.5598
-2.4125 4.8946 4.3804
-0.39765 4.9435 3.3474
-0.88229 3.567 5.1474
-7.1822 6.625 1.6692
-7.5802 5.9488 2.266
-6.197 7.068 1.343
-5.4808 6.8119 2.0664
-4.7765 7.4291 1.5494
-3.1816 7.7026 1.878
-3.1816 6.7045 2.9827
-3.7724 7.9225 1.2991
-2.4194 7.1135 2.4216
-15.226 2.7698 1.3135
-14.536 2.8295 2.4203
-13.911 3.48 2.0181
-12.396 3.0092 3.4845
-11.018 2.0075 4.9421
-5.3413 7.9043 -0.30316
-6.957 7.2124 0.42953
-5.6331 7.6898 0.64816
-16.226 0.73612 2.4902
-16.537 -1.6231 2.7841
-15.479 -1.4595 3.5576
-16.845 -0.5208 2.3884
-15.378 0.66931 3.4809
-15.07 -0.37717 4.0343
-15.46 1.8166 2.5066
-13.687 2.6286 3.2585
0.60418 4.3792 3.4788
1.3912 4.333 2.4739
2.1834 3.347 4.9429
2.7715 3.5387 4.3415
1.3356 3.7673 4.3579
2.1895 4.6783 0.34438
2.9493 4.7496 -0.5421
4.4919 4.8446 -0.5728
5.2527 5.0842 0.46998
2.9498 4.5591 0.9888
-3.8137 -3.5854 0.4079
14.922 -2.6864 0.33264
14.778 -3.6572 1.2469
14.274 -3.8542 2.3339
14.659 -1.4628 0.49656
15.032 -3.6572 0.46557
13.845 -2.5714 2.5693
-15.851 2.3895 0.46557
-16.48 1.5808 0.46557
-16.627 -2.0641 2.4979
-15.481 -3.315 1.4009
-14.678 -3.1806 2.0549
-14.678 -2.2189 3.1935
-13.906 -2.788 2.7205
-13.145 -3.3016 2.1674
-14.843 -3.8209 0.53362
-13.135 -4.1088 0.44582
-12.38 -3.7719 1.5457
-13.9 -1.6904 3.7158
-12.455 -2.8395 2.654
-12.551 -1.8788 3.6654
-12.957 -1.3053 4.1267
10.614 -7.6213 -2.2025
11.91 -6.656 -3.3393
12.147 -7.5811 -2.1652
11.389 -7.9449 -1.4609
9.7852 -7.1874 -2.7479
12.916 -6.9562 -2.6114
3.1121 -5.3406 -0.29799
3.7975 -5.6166 0.48226
-1.4513 6.3032 2.6285
7.5417 -2.5471 -5.6366
6.8116 -5.5874 -3.4583
5.2451 -1.4654 -5.9082
6.7366 -1.4684 -5.5824
9.2668 -6.4934 -3.4327
8.4258 -6.7464 -2.6035
7.3754 -6.3031 -2.7805
-12.566 -3.1938 -2.4006
-11.669 -3.4015 -1.5363
-12.383 -4.0447 -0.51987
-11.522 -1.675 -3.8707
-11.544 -2.8136 -2.7509
-10.846 -2.2485 -3.306
-17.003 -0.35572 -1.5449
-17.301 -1.4705 -1.3388
-10.138 2.9601 -3.7483
-13.736 1.5741 -3.1472
-12.694 3.0663 -2.7258
-13.145 2.3086 -3.0467
-8.6183 1.8883 -4.7204
-9.3129 2.4767 -4.2191
-10.846 3.5268 -3.1628
-11.613 3.9996 -2.5856
-2.4151 7.8493 -2.0994
-3.1108 8.2076 -1.519
-3.948 8.37 -0.55151
-1.9721 7.9082 -1.5667
0.67093 5.1666 -3.6655
0.71201 5.4073 -1.5669
1.3333 5.0458 -2.6153
-0.36584 6.4133 -0.55057
0.28585 5.6626 -0.55057
-1.4598 7.6003 -0.55051
13.112 1.8095 -1.3201
13.44 1.6049 0.25539
12.718 1.6666 1.3551
11.924 2.7617 1.3361
13.224 0.95379 -1.7615
13.945 0.89058 -0.62874
8.2754 3.9411 -0.54831
11.159 2.5969 2.2359
10.614 3.5182 2.0537
7.5483 4.4832 0.012942
8.3205 3.8945 3.3163
11.541 0.94678 2.9247
11.824 1.5868 2.3158
10.614 -0.37312 4.5187
9.7104 -0.55209 5.2019
9.0812 0.19914 5.0658
-4.7319 1.7103 -5.3117
-3.1865 1.8513 -5.4245
-2.2499 2.7135 -5.2363
-1.6487 3.4144 -5.0906
-9.2913 5.0494 -2.5392
-10.301 4.2735 -2.8264
-7.0263 0.5605 -5.2426
-7.9658 0.97231 -5.0995
-5.4874 0.71919 -5.3808
6.8116 1.8885 -4.7167
6.8039 0.63535 -5.3779
7.5808 -0.34869 -5.2387
1.5615 -4.5933 -1.5294
0.50128 -3.0119 1.7002
-3.2383 -3.7974 -0.62943
-2.414 -3.6552 -1.5632
-3.8683 -2.2798 3.3319
12.941 -2.5446 -2.6691
13.435 -1.5984 -2.376
12.869 -0.33044 -2.4849
1.417 -2.0431 -5.1473
2.165 -1.4756 -5.6388
-10.103 5.4051 -1.6024
-7.9357 6.6483 0.69189
-16.307 0.78469 -1.631
-14.512 1.7067 -2.4978
-15.415 1.8393 -1.6158
-9.1525 -2.1883 -3.4626
-6.2598 -0.23786 -5.195
-7.7801 -3.1692 -2.1293
-3.0909 -0.35391 -5.5903
-3.8526 0.71732 -5.5674
-2.4151 -1.0987 -5.2858
-4.1354 -3.043 -2.7797
-4.7144 -3.2068 -2.1643
14.912 -4.7505 -0.80068
12.816 -7.7575 -1.4418
12.28 -8.1344 -0.6071
12.932 -8.0444 0.46091
14.591 -4.7505 -1.5667
14.99 -4.7626 0.48207
14.278 -6.8034 1.332
14.645 -5.8438 1.4817
14.76 -4.7471 1.5598
13.346 -7.5543 1.4817
13.947 0.45125 0.46557
14.391 -0.39224 -0.55023
-1.6366 -0.45696 -5.7059
1.4186 -0.35634 -5.9107
-0.87798 0.70932 -5.8357
0.6548 0.70785 -5.9436
-3.1845 -3.2086 -2.4675
2.1838 -0.45961 5.261
-0.10113 0.72683 5.5524
1.3712 0.7288 5.5806
-0.88427 -0.27825 5.2116
6.7819 -6.3982 -2.0819
7.5491 -6.9422 -1.5727
5.5494 -3.5024 4.4079
5.2491 -2.0688 5.0862
4.4441 -1.3541 5.159
5.8336 -2.7882 4.9798
3.7096 -0.42559 5.2473
6.722 4.886 0.49168
6.8223 5.0313 2.4358
5.8609 5.2123 1.5365
7.5483 4.572 3.033
3.7345 4.7105 -1.5781
4.1138 4.5633 -2.5829
5.6136 3.4229 -3.599
4.5828 4.1857 -3.6422
5.7578 2.7494 -4.4642
14.529 -3.6724 -1.5904
14.224 -2.5638 -1.8142
5.2331 3.0765 4.6922
6.8707 4.055 3.5694
6.0155 3.5554 4.1205
6.0376 0.75371 5.5714
6.7814 -0.38494 5.7886
8.3352 -0.31667 5.6036
5.2575 1.8808 5.2945
6.0155 4.5511 3.0136
4.4826 3.549 4.1145
3.8013 3.2308 4.7302
2.1783 4.4135 1.4412
8.476 -4.562 5.1573
7.59 -3.4837 5.3279
6.8883 -2.5385 5.4194
-13.323 3.3607 2.6878
-8.4895 6.1003 1.4321
-8.5478 5.1226 2.4903
-3.9609 -0.28766 5.2068
-3.1791 0.60923 5.6463
-1.6511 0.66309 5.5878
8.2921 -7.7674 0.46402
9.1274 -7.9136 1.4292
9.8268 -7.6627 2.4101
10.614 -7.4736 2.9964
8.1253 -7.4803 -0.80422
-8.4208 1.8242 5.4583
-7.8075 2.8104 5.2123
-10.102 1.7062 5.2297
-6.2722 2.8243 5.4266
-7.0983 1.7822 5.6188
-5.4808 3.5647 5.1453
-3.2764 4.1974 4.8
-3.948 3.605 5.1828
-4.7559 2.9137 5.56
2.9476 -0.36622 -5.9688
4.4785 -0.38697 -5.889
-0.89173 2.9564 -5.2665
-0.11587 3.5541 -5.2205
0.74763 4.2187 -4.9462
1.417 4.6699 -4.2251
-16.165 1.7841 -0.60937
-9.3152 0.68531 5.3258
-7.0136 0.0080187 5.1883
-7.7825 0.67808 5.3504
-14.678 -0.9271 4.0251
-6.2722 0.70386 5.5589
-4.7074 0.64481 5.6202
11.822 -3.6572 5.1162
11.271 -2.7447 5.2329
10.514 -1.6198 5.2747
11.388 -7.7302 2.4243
14.31 -5.6875 2.3647
12.144 -8.0259 1.4475
-10.772 -3.6961 1.5059
-10.093 -3.9053 0.4632
-3.9501 -3.4064 -1.595
-10.864 -3.7898 -0.65684
-11.612 -3.2843 2.1513
11.332 -4.6852 5.3601
-13.145 3.4762 -2.0996
-10.846 4.6718 -2.1946
-13.735 2.6709 -2.376
8.9356 -3.6959 5.6784
10.725 -3.5898 5.6609
-1.6441 2.7959 5.4718
-2.4151 3.574 5.1539
-0.7331 5.5438 2.7223
-0.16825 2.8837 5.414
0.65055 3.4509 5.0396
0.30686 4.8175 2.3646
-4.7492 8.004 0.36315
-1.6349 7.1231 1.4905
-2.5946 7.8938 1.2776
-3.196 8.4173 0.50629
1.2491 4.6139 1.2622
2.9626 2.8507 5.3305
1.4995 2.7656 5.4569
2.2525 1.9056 5.6477
0.67585 5.1209 0.44936
1.3294 4.9767 -0.60447
2.0375 4.8633 -1.5653
14.815 -2.3967 -0.68224
14.667 -1.4705 -0.55057
14.924 -3.6469 -0.46453
-11.62 -4.1016 0.45199
9.8334 -7.7553 -1.6243
10.542 -8.1851 -0.64224
8.9014 -7.4259 -1.7826
-0.81612 6.2411 1.4388
6.0142 -0.37769 -5.6306
-2.3541 8.4307 -0.5497
2.2027 4.7116 -3.492
2.9589 4.744 -2.6002
-0.28743 6.0639 0.32616
-1.1372 7.1066 0.25953
-1.9688 7.913 0.46557
13.817 -0.45845 -1.678
9.2503 -1.4107 5.7246
-2.4834 0.81528 -5.7456
-1.6579 1.6973 -5.5664
5.9056 1.6694 -5.3555
5.1877 0.69727 -5.6032
14.3 -1.621 -1.4451
11.38 -8.2385 0.46203
2.1793 0.70979 -6.0127
-0.092128 1.7707 -5.6083
1.42 1.7873 -5.8682
2.9433 0.59408 5.6273
0.65822 1.8134 5.4946
-0.88391 1.8068 5.6927
6.0091 -1.5273 5.5825
5.1469 -0.41524 5.6234
4.495 0.73251 5.6456
3.5343 4.5891 -3.3751
2.9498 4.454 -4.0245
5.0676 3.4883 -4.3837
4.4826 3.3477 -5.0286
3.7462 4.01 -4.6822
5.0587 2.6618 -5.1549
4.4826 2.5123 5.1833
7.5539 -1.467 5.8328
3.761 1.8812 5.5914
8.3252 -2.5474 5.8588
-3.9485 1.8057 5.8161
-2.418 1.8055 5.7208
9.6989 -8.1962 0.46337
9.1907 -7.9578 -0.51135
10.55 -8.0617 1.5195
-5.4775 1.8069 5.7688
-3.251 2.891 5.5369
3.7096 0.70722 -5.8056
0.71688 2.8333 -5.4549
1.417 3.6096 -5.272
2.1639 4.1935 -4.6792
10.023 -2.4801 5.73
0.05387 5.2923 1.4962
4.3597 1.7534 -5.5529
2.944 1.7933 -5.8437
2.1836 2.9063 -5.6354
3.641 2.7343 -5.4777
2.9498 3.5118 -5.1811
