 0  0   7.324533540690e+00  0.000000000000e+00
 1  0  -1.202642483560e-01  0.000000000000e+00
 1  1   1.361912835560e-01  6.020579170230e-01
 2  0  -1.086728029650e+00  0.000000000000e+00
 2  1  -3.339748836320e-02  2.118272136830e+00
 2  2   6.867572347840e-02 -8.982333315420e-01
 3  0  -2.224113245000e-02  0.000000000000e+00
 3  1   6.007305178040e-02 -2.153846932180e-02
 3  2   1.102471301070e-01  2.461804673070e-02
 3  3   1.459820815640e-01 -2.901819674960e-01
 4  0   3.660264743290e-01  0.000000000000e+00
 4  1  -5.694634236560e-02  3.938373154580e-02
 4  2   5.664768324830e-03  6.690655503620e-02
 4  3  -4.355504560990e-01  4.177942728870e-01
 4  4   2.471335328690e-01 -1.981165431920e-01
 5  0   8.780907919530e-03  0.000000000000e+00
 5  1  -5.966748582160e-02  1.045730838640e-01
 5  2  -3.460487903700e-02 -3.307683499180e-02
 5  3  -1.150419568250e-01 -9.409982238500e-03
 5  4  -1.214523572070e-02 -4.614027440180e-01
 5  5   5.221494204580e-02 -1.614437493760e-01
 6  0  -1.583221273700e-01  0.000000000000e+00
 6  1   4.985978310840e-02 -6.009554862970e-02
 6  2   2.463807614510e-02 -1.047119324760e-02
 6  3   1.142560845970e-01 -3.651277787330e-02
 6  4  -2.581301294550e-02  6.412885609690e-02
 6  5   2.424180414400e-02  1.364104562540e-01
 6  6   3.003983838460e-02 -4.891272358420e-02
 7  0  -2.736860596890e-02  0.000000000000e+00
 7  1   2.184662175860e-02 -4.909934029530e-03
 7  2  -1.915856831030e-02  7.407934497330e-02
 7  3   1.055978307450e-02  3.381347883750e-02
 7  4   2.703764039790e-02 -5.915658308870e-03
 7  5  -6.318971849870e-02 -2.412259596470e-02
 7  6   7.178563745080e-03 -1.962108441360e-01
 7  7   2.325640398110e-02 -1.057904302530e-02
 8  0   6.318639156430e-02  0.000000000000e+00
 8  1  -1.968484412590e-02  5.764260869630e-02
 8  2  -1.780387250440e-03  9.283903390720e-03
 8  3  -3.984110943500e-02 -2.893896242050e-02
 8  4  -6.075244405510e-03 -8.466587955440e-02
 8  5  -2.569689796650e-02 -5.288268267240e-02
 8  6   9.508927208540e-03 -2.149868319280e-02
 8  7   2.557251922480e-02  1.321870073560e-03
 8  8   2.584439309650e-02  1.323558679860e-01
 9  0   5.648113331790e-03  0.000000000000e+00
 9  1  -1.171388965750e-03  1.144845846320e-02
 9  2   6.903137338160e-03  3.454007379530e-02
 9  3   3.696191606710e-03 -1.118909908340e-02
 9  4  -2.077051951450e-02  7.998499946910e-03
 9  5   5.708109485720e-03 -4.253801135820e-03
 9  6  -5.369644292550e-03 -2.702519939120e-02
 9  7  -2.618913240370e-02 -5.641704173010e-02
 9  8   2.524467860580e-02 -5.810235616820e-02
 9  9  -5.713696455490e-03 -2.839020835090e-03
10  0  -2.043745253540e-02  0.000000000000e+00
10  1   4.247421556340e-03  1.450632275440e-02
10  2   5.457025674810e-04  2.968119447990e-02
10  3   3.797046712500e-02  3.096729866480e-02
10  4  -2.260840727910e-03 -7.221143093030e-03
10  5   1.541146088410e-02 -2.054235437390e-02
10  6  -1.117090917950e-02 -6.365984949890e-02
10  7  -1.539735608350e-02 -2.525324842930e-02
10  8  -2.182377117070e-02 -3.716689871730e-02
10  9  -2.776540534770e-02  5.888768811050e-02
10 10   9.177547691620e-03  1.020150017570e-01
11  0   6.498058018010e-03  0.000000000000e+00
11  1  -2.846523396160e-03  1.697767493260e-02
11  2  -4.307136831600e-03  1.922129254200e-02
11  3  -2.094674737150e-03 -1.144296732470e-02
11  4   1.158050394850e-03 -2.866396210830e-03
11  5   1.010096458920e-02  9.703620783550e-03
11  6  -1.810718885410e-03 -2.624365106100e-02
11  7   1.817980286600e-02  1.555799753660e-02
11  8  -1.650337728730e-02 -7.123222247230e-03
11  9  -1.675959237100e-02 -2.745570305470e-02
11 10  -1.047171840030e-02  2.073426598110e-02
11 11  -4.661742102260e-03  4.682335291390e-03
12  0   1.360974429840e-02  0.000000000000e+00
12  1  -2.821638207410e-03  8.037276958010e-03
12  2  -5.762916394120e-03  1.996366656630e-03
12  3  -8.682057300070e-03  5.816008354840e-03
12  4   1.369916545480e-03  1.058507256790e-02
12  5   3.074336835150e-03  1.169410754090e-03
12  6   6.980239639580e-04 -7.905191190560e-03
12  7   9.873498420230e-03  1.944520742850e-03
12  8   5.492153652800e-03 -1.075911735590e-02
12  9  -2.008720764730e-03  8.473085952250e-04
12 10  -5.329510033950e-03  8.250397030780e-03
12 11  -1.663772090150e-02 -7.739488574900e-03
12 12  -6.651472015740e-03  2.584373259310e-02
13  0  -1.229034294550e-03  0.000000000000e+00
13  1   1.768506292450e-03  2.113350519630e-03
13  2  -1.211261145200e-03  8.523833971240e-03
13  3   2.841484647770e-03 -3.719448162960e-03
13  4  -2.852920110920e-04  1.471603676810e-02
13  5  -2.737802668060e-03 -1.525372722800e-02
13  6   9.101633575800e-03 -4.381512704340e-03
13  7  -3.742674650480e-03  9.711781776580e-03
13  8   3.604960660310e-03 -1.144316368170e-02
13  9   1.021622975630e-02  4.319302526310e-02
13 10  -5.980733602110e-03  1.807913137970e-02
13 11  -3.799475643770e-03 -2.079712405760e-02
13 12  -5.207165268110e-03  1.383729274490e-02
13 13  -1.481984409370e-02 -4.142929321880e-02
14  0  -2.039106953590e-03  0.000000000000e+00
14  1   1.493495220040e-03  1.890318902660e-04
14  2   1.443744866850e-03  3.041978051610e-03
14  3   3.711475576340e-03  9.055452704110e-03
14  4  -3.931455689350e-03 -1.858496912070e-03
14  5   6.547913052770e-03 -2.020543363200e-02
14  6  -3.414424514970e-03 -4.560773981680e-04
14  7  -5.209334674880e-03  1.197071553740e-03
14  8   3.312267563900e-03 -1.634469514880e-03
14  9   4.160201789290e-03  2.870524692550e-02
14 10   1.230576707390e-03  4.037343842180e-03
14 11   3.430235907850e-03  5.188050545830e-03
14 12  -3.161607066020e-03 -4.208087080020e-04
14 13  -8.958054461560e-03 -2.431999225450e-02
14 14   6.766064100910e-03  2.719490953130e-02
15  0  -1.174221044740e-03  0.000000000000e+00
15  1  -5.830988888620e-03  1.132597059000e-02
15  2   2.091880605940e-03 -4.864329550360e-03
15  3  -2.824872045390e-04  1.060451022060e-02
15  4  -4.282272553710e-03 -3.096004549070e-03
15  5   6.925010346500e-03 -1.408723605970e-02
15  6  -3.865637614720e-03  2.461271488560e-03
15  7   1.882129862940e-03 -8.167987604480e-03
15  8   3.168222792110e-04  1.584095586720e-03
15  9  -4.907864596940e-03  6.857116507230e-03
15 10   3.787824452870e-03  2.961149535960e-03
15 11  -8.353789642820e-03  1.964252079050e-02
15 12   3.378229711640e-03 -4.249138897740e-03
15 13   4.514199810610e-03 -1.013010594010e-02
15 14  -8.655594503750e-04  4.400113720130e-03
15 15   1.537592999140e-03 -1.202387281780e-02
16  0   2.612377469070e-03  0.000000000000e+00
16  1  -2.006643938510e-04  3.110156596620e-04
16  2   8.045671735450e-04  5.956071235570e-03
16  3  -3.373313711090e-03  1.850123625420e-02
16  4  -5.073438009960e-04  2.955737428680e-03
16  5  -2.194356216450e-03  1.487953000460e-03
16  6   4.716816448040e-03 -2.711013552870e-03
16  7   3.872902725030e-03 -1.964216096640e-02
16  8   1.603597511030e-03 -1.841779611720e-03
16  9   8.612644634990e-04  4.923279213140e-03
16 10  -2.415042441390e-03 -2.491158217720e-03
16 11  -9.226729115500e-04  2.262185081510e-02
16 12   4.132026116930e-04  4.423932651770e-03
16 13   8.320388994240e-04 -3.170659054150e-03
16 14   1.020295877080e-03 -9.789454667780e-04
16 15  -1.116379664740e-02 -2.121119383380e-02
16 16  -3.486334419910e-04  6.347233980160e-03
17  0   1.442172840370e-03  0.000000000000e+00
17  1   3.602844671820e-03  1.703771168170e-04
17  2   1.833289341910e-03  4.682331149740e-03
17  3  -3.818924555040e-03  9.040650296740e-03
17  4  -5.223061782720e-04 -7.425366888930e-03
17  5  -4.261322677820e-03  9.589065001720e-04
17  6   3.142855809180e-03 -3.628094069320e-03
17  7   6.455080979280e-04 -1.059068236440e-02
17  8   2.618975499520e-03  4.187559058700e-03
17  9   2.955976449490e-03 -1.353159454580e-03
17 10   3.874190938040e-05  2.287764964690e-03
17 11   3.672082016000e-03 -5.903735961770e-04
17 12  -2.380554989610e-03 -1.384357068550e-02
17 13  -3.611814987070e-03 -4.080085221390e-03
17 14   7.319601400010e-04  1.008677499460e-02
17 15  -9.412483236200e-03  5.687976681260e-04
17 16  -3.654781148260e-03  1.564833634830e-02
17 17   4.349335148420e-03  3.559188367110e-04
18  0   4.499957105730e-03  0.000000000000e+00
18  1  -2.560804017980e-03 -9.269075564340e-03
18  2  -7.721137245070e-04 -2.452613633870e-03
18  3   3.575208833930e-04  1.910974092340e-03
18  4   8.368525356490e-04  3.252824354400e-03
18  5   2.920376144970e-03  6.881815653880e-03
18  6   2.970459788500e-04  4.843726866340e-03
18  7  -7.036249033950e-04 -1.455108007950e-04
18  8  -5.078813776020e-04  5.746702655640e-04
18  9  -8.815214040870e-04 -7.689800407030e-03
18 10   2.413154930680e-03 -7.282824823600e-04
18 11  -1.367835919020e-03 -1.160701480010e-03
18 12  -5.674258743350e-05 -6.006952796400e-03
18 13  -1.214639253520e-03  2.354906509370e-03
18 14   7.858914461630e-04  6.588674462220e-03
18 15   6.378901766780e-03  6.176770139340e-03
18 16   2.709376654110e-03  1.504001233040e-04
18 17  -5.300246963270e-03 -1.089771637570e-02
18 18   2.861272492240e-03 -1.351246525540e-03
19  0  -2.646616034170e-04  0.000000000000e+00
19  1   1.969887395260e-03 -2.361189192860e-04
19  2   1.755899677940e-03  6.234917024470e-03
19  3   7.570402674320e-04  3.392725695600e-03
19  4  -7.581937288470e-04  1.980303314090e-03
19  5   3.710964010660e-03  2.113259454760e-03
19  6   3.541229617520e-03 -7.806669860230e-03
19  7  -3.416928142320e-03 -7.497052572700e-03
19  8   4.555751418270e-04  1.171583872250e-03
19  9  -1.695506258220e-03  4.313698708870e-03
19 10  -8.466289565910e-04  8.682962662990e-03
19 11   3.425070437630e-04  7.402490472100e-03
19 12  -4.617625772240e-04 -8.600624952520e-03
19 13   7.593601439870e-04 -1.898493118640e-03
19 14   1.186042785580e-03 -1.228792927440e-02
19 15   9.880256049490e-04 -1.803348164180e-03
19 16  -1.230611005710e-03  1.341897747100e-02
19 17  -5.100689721040e-03 -3.877041046940e-03
19 18  -4.152975322050e-03  8.703489446780e-04
19 19  -1.191051926570e-03 -4.071493798320e-03
20  0   1.000797269700e-03  0.000000000000e+00
20  1   4.657140219750e-03 -2.238915263010e-03
20  2   2.228783653290e-04  2.942419093000e-04
20  3   2.929338658990e-03  8.933946211840e-04
20  4  -4.191522428170e-03 -3.378531436630e-03
20  5  -2.967976833200e-03 -1.293587698160e-03
20  6   1.273448865160e-03  6.412495406610e-04
20  7  -3.010683778580e-03 -6.280908943620e-03
20  8   3.021155194420e-03  2.532386160950e-03
20  9  -4.221572032300e-04  3.317440834420e-03
20 10  -2.146227010830e-03  3.689498119150e-03
20 11   3.223818641820e-03 -1.250570924360e-03
20 12  -1.175067487080e-03 -4.921127255470e-03
20 13   1.207139655300e-03  2.760472491340e-03
20 14  -3.907370733240e-04 -2.688878969030e-03
20 15  -3.036868128480e-03 -2.567745973900e-04
20 16   1.205521055730e-03  7.658974140190e-03
20 17   2.619780730310e-04 -5.625451226420e-04
20 18  -5.351728327680e-06 -1.319192448920e-03
20 19  -1.155607813360e-03 -3.980093592150e-03
20 20   2.799904997640e-03 -4.876087304380e-03
21  0  -3.970845502010e-04  0.000000000000e+00
21  1   1.966117671300e-03 -4.360923396850e-03
21  2   4.482670602440e-04  2.145484818520e-04
21  3  -8.008362495840e-04  1.275935783400e-03
21  4  -1.613443828020e-04  4.261029869560e-03
21  5  -1.748151187080e-03  3.726378799730e-03
21  6   2.225708953310e-03 -3.983790946120e-03
21  7   2.141033875850e-05  7.202907392600e-04
21  8   4.720159888930e-03 -2.283024718670e-03
21  9  -5.923681716500e-04 -4.012891945670e-03
21 10   2.413004459790e-04  5.869690472850e-03
21 11   7.495354886840e-04  7.777346263310e-04
21 12  -3.031183363960e-03  3.912295025930e-03
21 13   2.109081252610e-03  9.083590171830e-03
21 14  -8.330202896440e-04 -3.900562311990e-03
21 15  -1.508451144620e-03 -3.861955872970e-03
21 16   4.617908653000e-04 -1.035725590800e-03
21 17   3.944339915240e-04 -7.070582374910e-03
21 18   3.805554604470e-03  7.010886356620e-03
21 19   3.358042445480e-04  6.312620510040e-03
21 20   9.599482408700e-04 -8.962585625960e-04
21 21  -4.438883849440e-03  2.459695637650e-03
22  0  -1.737046275060e-04  0.000000000000e+00
22  1  -2.132348287120e-03 -2.140468192120e-03
22  2   1.600599859250e-03  5.451335295540e-03
22  3   6.973733777350e-04  1.414741428370e-03
22  4   1.192708107360e-03 -9.014413068860e-04
22  5   3.927016361690e-03  2.008415319780e-03
22  6  -1.217762975670e-03 -6.774508023470e-03
22  7  -1.524719853240e-03 -2.134954563790e-03
22  8   1.874388632360e-03 -1.245375361300e-03
22  9  -1.191129442990e-03 -2.258540869510e-03
22 10   2.785428762570e-04  4.661762421790e-03
22 11   9.187199079830e-04  8.985704062410e-04
22 12   9.075325316930e-04  1.028262332750e-03
22 13   2.175788911910e-03 -4.771270634750e-04
22 14   8.767459725790e-04 -6.756088776400e-03
22 15  -5.841766034240e-05  5.043918968420e-03
22 16  -1.067550060090e-03 -1.938085747270e-03
22 17  -1.101076277780e-03 -4.369728142860e-03
22 18  -1.872770924180e-03  6.818618128070e-03
22 19  -1.475141395460e-03 -2.294646499120e-03
22 20  -1.239592544700e-03  4.257305637980e-03
22 21  -4.446130475870e-04 -5.745736675200e-03
22 22   8.648331481380e-05 -8.205191292980e-03
23  0  -7.094055240570e-04  0.000000000000e+00
23  1  -1.342279200920e-03 -9.106742201840e-04
23  2   1.364727366750e-03  1.760591448020e-03
23  3  -3.171046338820e-04 -4.525671936820e-03
23  4   1.030837035250e-03  1.831346163520e-03
23  5   2.220900600610e-03 -6.561382745280e-04
23  6  -2.461592519920e-03 -3.019897627220e-03
23  7   3.492007185590e-05  4.001250852210e-03
23  8  -1.846373283700e-03 -4.853919867890e-03
23  9  -3.395249085090e-03  5.234221314350e-03
23 10  -9.270831583050e-04  4.509444503020e-03
23 11  -3.841744589530e-03 -3.709886156890e-03
23 12   3.957786304280e-03  5.215259017420e-03
23 13   1.184447825760e-03 -3.008943277700e-03
23 14  -2.005246863010e-04 -3.126057079550e-03
23 15   3.974258046490e-03  4.747957089320e-03
23 16  -1.477266917060e-03  3.843850963640e-03
23 17   1.701433674050e-04 -7.465141336900e-03
23 18  -2.960449547140e-03 -3.162845643320e-04
23 19  -2.326114597460e-03 -3.626341844630e-03
23 20  -9.122451646960e-04  4.882797786410e-03
23 21  -1.150310358690e-03  9.208484199490e-03
23 22   3.216971863110e-03 -3.231515649690e-03
23 23  -2.496054524380e-03  1.945917244230e-03
24  0   4.128019205960e-04  0.000000000000e+00
24  1  -2.078337742810e-03 -1.490882778760e-03
24  2   2.672086642480e-04  2.531836072230e-03
24  3   5.190456244460e-04 -2.341375952040e-03
24  4  -7.748186859710e-04  3.351461700730e-03
24  5  -3.443055347150e-05  1.641588181870e-03
24  6   1.459695534130e-04 -7.859757546200e-04
24  7  -1.414209778080e-03  2.414407757410e-03
24  8   1.299941826430e-03 -4.285148636940e-03
24  9  -1.282134851760e-03 -7.405689953250e-04
24 10  -2.034514011350e-04  3.271537103660e-03
24 11  -9.126145601890e-04 -4.996804017130e-04
24 12  -1.901865579620e-03  1.577535943430e-03
24 13   3.969637149800e-05 -2.681569352070e-03
24 14  -5.025455031040e-04 -1.995646253660e-03
24 15   1.626200709670e-03  4.188837682250e-04
24 16  -2.682521892490e-04 -3.542037408750e-03
24 17   8.635475870290e-04  5.768140704620e-03
24 18  -1.995222915470e-04 -7.988618242230e-04
24 19  -1.087077144320e-03 -4.443094057410e-03
24 20   1.903645803680e-03  5.189389480340e-03
24 21   8.962140794840e-04 -7.980461410270e-04
24 22  -2.738299013730e-03  4.348617525890e-03
24 23  -6.963661209580e-04  2.584397880160e-03
24 24  -3.198746646100e-03 -4.397051150960e-03
25  0  -7.447832716320e-04  0.000000000000e+00
25  1  -4.323636893260e-04  2.822620240990e-03
25  2  -7.002414802200e-04 -1.820540354730e-03
25  3   1.227527312730e-03 -1.381904640080e-03
25  4  -4.755767595420e-04  3.436818786880e-03
25  5   8.902352448730e-04 -3.740134760950e-03
25  6   2.122761555160e-04  3.002730519610e-04
25  7  -2.942174681080e-04 -7.140866279180e-04
25  8   1.801765874390e-03 -5.117690359370e-03
25  9  -5.781572406510e-04  2.703214022250e-03
25 10  -4.942465391990e-05  2.000749678200e-03
25 11   1.290662961010e-03  2.273547798890e-03
25 12  -2.125391213580e-03  5.179048802880e-03
25 13   1.825309699770e-03 -4.096460977140e-03
25 14  -1.159572085200e-03 -2.739108699610e-03
25 15  -1.953036072720e-03 -1.958408019410e-04
25 16   1.393353460340e-03 -4.666227382030e-03
25 17   9.189074339630e-04  5.057211681610e-03
25 18   1.653514296150e-03  2.498660113920e-03
25 19   9.015100056170e-05 -5.987663447470e-03
25 20  -8.109172453400e-04  4.178964253060e-03
25 21   5.551138868040e-05 -3.361511393450e-03
25 22  -3.144563478220e-03  1.251721198450e-05
25 23   6.828850755550e-04  7.527470362000e-03
25 24   1.197566653400e-03 -3.298045874750e-03
25 25  -5.278656808900e-03 -8.163585531960e-04
26  0  -5.912777463930e-04  0.000000000000e+00
26  1   6.622562087630e-04  9.817575182400e-04
26  2  -6.627265485770e-04 -1.980280393680e-05
26  3  -2.966845437730e-03 -2.111542835610e-03
26  4   1.237959752050e-03  1.357673296760e-03
26  5  -4.577321554410e-04 -1.999137995040e-03
26  6   3.572578768090e-04 -1.363431639710e-03
26  7   1.156768393140e-03  2.719771899070e-03
26  8  -6.622839605930e-04 -1.628966794890e-03
26  9   7.452442301490e-04  9.721967503580e-04
26 10   7.059598813150e-04  1.661394542930e-03
26 11   8.984582474320e-04 -7.766791439560e-04
26 12   1.453098021330e-04  9.587829682040e-04
26 13   1.033556155890e-03 -3.113535457670e-03
26 14   7.150200559850e-04 -7.859289819960e-04
26 15  -3.038057746570e-03 -3.372502216310e-03
26 16   5.033923349940e-04  2.378463830690e-05
26 17  -5.542621367630e-05  2.250240600970e-03
26 18  -8.684885628080e-04  2.109253610300e-03
26 19  -2.679441660640e-04  3.780494733350e-03
26 20  -1.367427554810e-03  3.516538536410e-03
26 21  -1.907597529380e-03 -5.306990047010e-03
26 22   2.056000858410e-03 -3.739169427880e-03
26 23  -7.034577146760e-04 -1.914666551830e-04
26 24   1.256662377440e-03 -8.331456853300e-04
26 25   1.335128675550e-03  4.598419498770e-03
26 26  -3.846328975920e-03 -4.104980243450e-03
27  0   8.369570303500e-04  0.000000000000e+00
27  1  -3.601170733360e-04  6.451073879210e-04
27  2   5.278256675630e-04 -2.070450017990e-03
27  3  -2.488197997860e-04  1.362101113140e-03
27  4   4.599269122660e-04  1.204154975250e-03
27  5  -8.347897385100e-04  1.205728541830e-03
27  6   1.020758060610e-03  1.894029762220e-03
27  7   1.322783166360e-03 -2.139060666360e-03
27  8  -7.086860073040e-04 -2.417293523770e-03
27  9  -9.310373673480e-04 -1.581111058570e-03
27 10  -2.761620323920e-04 -8.860045498840e-04
27 11  -2.001392235810e-03  1.218384039530e-03
27 12   1.327276206360e-03  3.031258591610e-03
27 13  -2.080914990640e-03 -2.542034973120e-04
27 14   6.850885192960e-04  3.872916971220e-03
27 15   2.958251536890e-03 -3.159195265910e-03
27 16   2.893480877840e-04 -2.197523314480e-03
27 17  -3.874595457170e-04  2.079353139630e-03
27 18  -1.645159014130e-03 -2.259644070750e-03
27 19   5.114764287250e-06  2.245413634990e-03
27 20   1.363120445880e-03  3.976513323390e-03
27 21   1.289460468080e-03 -1.930700262150e-03
27 22   1.259513981170e-03  2.184747974460e-03
27 23  -9.564412030650e-05 -3.341134821490e-03
27 24  -8.231957352930e-04 -1.163673996640e-03
27 25   1.826393468230e-03  4.233722032840e-03
27 26  -3.055254801120e-05  3.689973405520e-03
27 27  -1.902744987720e-03 -4.331481903530e-03
28  0  -5.168578758240e-04  0.000000000000e+00
28  1  -1.645099785450e-03  2.563347994070e-04
28  2   2.070887441050e-04  4.522361046700e-05
28  3  -5.232196158450e-04  9.488625133660e-06
28  4  -3.105411232480e-04  1.409462593330e-03
28  5  -8.835539962970e-04 -1.862102759130e-03
28  6   7.121697224400e-04  3.340948225680e-04
28  7  -3.473334757750e-04 -1.605425054900e-03
28  8   4.324974850360e-04 -8.379527935060e-04
28  9   9.608414799080e-04  2.473686230900e-04
28 10   2.325879164170e-03 -7.477792214820e-04
28 11  -1.794424421460e-03  2.519488409850e-03
28 12  -1.794253352110e-03 -6.012915149300e-04
28 13  -1.638402705510e-03 -2.456527298850e-03
28 14  -1.363977715950e-03 -6.297619195240e-04
28 15   2.380081194390e-03 -3.345768537470e-03
28 16   1.572306743250e-03 -2.158545129890e-03
28 17   1.434087459410e-03  7.808964591370e-04
28 18   7.905790863710e-04 -2.270500818650e-03
28 19   8.939265087720e-04  3.281629142690e-03
28 20  -2.632732096320e-04  1.645608542820e-03
28 21   6.827698577570e-04  1.109486118330e-03
28 22  -1.427075528970e-03  2.811265107760e-03
28 23   2.371019376120e-05 -4.326426767020e-03
28 24   9.075437695280e-05 -9.181388599650e-05
28 25   8.403701794140e-04  1.928314127440e-03
28 26   1.012117219970e-03 -2.183736415380e-03
28 27  -1.483839322570e-04  2.842431414190e-04
28 28  -5.620679323220e-04  2.632216701810e-04
29  0  -2.010582777060e-05  0.000000000000e+00
29  1   1.497017873460e-03 -2.691544986460e-04
29  2  -1.028950892870e-03 -8.453480715740e-04
29  3  -4.446143674440e-04  1.514314670480e-03
29  4   6.372391376010e-04  1.720759757960e-04
29  5  -1.166900004080e-03 -7.306355344680e-04
29  6   1.175956127900e-04 -1.284722347530e-06
29  7   1.283931259890e-03 -7.064021553650e-04
29  8   1.018229920290e-03 -7.285591339730e-04
29  9   1.095630144300e-05  7.765705580110e-04
29 10  -1.871275485510e-05 -7.671647618980e-04
29 11  -7.805002243000e-04  7.115398806560e-04
29 12   1.335303258850e-03 -3.020807866400e-03
29 13  -2.321834190030e-04 -1.085740515350e-03
29 14   2.770224352700e-04  5.811086759600e-04
29 15  -9.087954017940e-04 -1.345841181340e-04
29 16  -4.702236915230e-04  2.341930010750e-03
29 17   9.585729604630e-05  7.652765878900e-05
29 18   1.886486618920e-03 -2.451134202010e-03
29 19   6.447056217120e-04 -1.614324886380e-03
29 20   1.210783164480e-03 -2.819478346990e-03
29 21  -5.450317343970e-04 -1.103196775560e-03
29 22  -2.078984582360e-03  2.705141197610e-03
29 23  -5.456698482150e-05 -1.151225901540e-03
29 24  -3.430612245140e-04  2.253986068670e-03
29 25  -9.454817942350e-05  8.053515392960e-04
29 26  -1.850963020410e-03 -1.602170267220e-03
29 27   1.971382105780e-03  2.211132008090e-03
29 28  -7.181305533810e-04  2.206776627910e-03
29 29  -7.829613960640e-05 -2.428584306340e-03
30  0   3.054144824890e-04  0.000000000000e+00
30  1   1.483128464630e-03 -2.158543395100e-03
30  2   9.171281463890e-04  8.617879697560e-05
30  3  -1.203349653910e-03  1.882538692260e-03
30  4   1.599118005360e-03  3.905583433810e-04
30  5  -9.422425258450e-04  1.038085677370e-03
30  6   1.109045480520e-03 -1.796538436170e-04
30  7   1.459192222740e-05 -2.716541412520e-03
30  8   4.098803981720e-04  8.901517111230e-05
30  9  -1.079683256900e-04 -2.288933995420e-03
30 10   6.876336520900e-04  5.434977290730e-04
30 11   1.619293410370e-03  2.338823523770e-03
30 12  -1.014565917510e-03  1.195291814480e-04
30 13   1.626293005660e-03  2.763196434660e-03
30 14  -3.427852873960e-04 -2.506692303940e-04
30 15  -1.196285707050e-03 -2.334355596250e-03
30 16  -1.737962644860e-04  2.105285687410e-03
30 17  -9.332816724600e-04  4.998736139720e-04
30 18   2.876117873170e-03 -1.639606295560e-03
30 19  -9.949658824340e-05  3.221341985730e-04
30 20   1.322057461670e-03 -3.571373632940e-03
30 21   1.146002132240e-03  1.182156516790e-03
30 22  -8.858998751580e-05  8.060952547510e-04
30 23   6.779373127420e-04 -1.170749675410e-03
30 24  -7.146462651150e-04  1.827334824460e-03
30 25  -1.295669295960e-03  2.682340473670e-04
30 26   1.164724380760e-03 -2.885242744210e-04
30 27   8.739207449440e-04  4.158601328750e-03
30 28  -1.099285648460e-03 -2.225037109010e-03
30 29   3.061540925250e-04 -1.274414080490e-04
30 30  -1.671194892070e-03  3.030517181570e-03
31  0   3.594071027570e-04  0.000000000000e+00
31  1  -1.103677618280e-03 -2.820052099720e-03
31  2  -9.760696242350e-04  4.315859809510e-04
31  3   1.337622915400e-03  9.135858587300e-04
31  4   1.023129470630e-03  6.030613601560e-04
31  5  -5.177408575410e-04  2.823511692290e-05
31  6  -6.091823450520e-04 -1.502251448820e-03
31  7  -1.064533601370e-03 -1.824011555580e-03
31  8  -6.672510163080e-05 -1.521291152460e-03
31  9  -8.349112518390e-04 -5.987086028780e-05
31 10   1.726289925590e-03  1.833373054320e-03
31 11   2.064596260580e-03  2.817342087920e-03
31 12   1.207409673840e-04  2.539473185220e-04
31 13   1.669879596190e-03 -1.673889151580e-04
31 14  -6.579275480690e-04 -2.018125071340e-03
31 15   1.286543341410e-03 -2.564859375520e-03
31 16   1.550995708190e-03  1.495980800770e-03
31 17  -4.507264005910e-04  3.005949719830e-04
31 18  -1.849391579190e-03  7.276882696320e-04
31 19  -9.364752877470e-04  1.362416314610e-03
31 20  -2.769219551670e-03 -3.669989832020e-03
31 21   2.441255428170e-04 -1.865029248580e-03
31 22  -1.643056015560e-04 -2.079709852910e-03
31 23   2.257379647240e-05 -2.071985521560e-03
31 24   1.206577263180e-03  3.242128211700e-03
31 25  -6.716798953490e-04  3.814834452400e-04
31 26   4.335800599010e-04  2.567494326590e-03
31 27  -1.204488080470e-03  2.830935935360e-04
31 28   5.206258924780e-04 -9.213941836420e-04
31 29   7.707551435100e-05  1.130498556040e-03
31 30  -2.378869297490e-03  2.378862665740e-03
31 31  -1.948912026370e-03  2.307507483930e-03
32  0   4.509884057670e-04  0.000000000000e+00
32  1  -2.179959301790e-04 -1.380880193630e-03
32  2   1.502867965150e-04 -9.206596935320e-04
32  3   2.939256427990e-04 -2.100349513120e-03
32  4   1.362681276270e-04  3.674218359600e-04
32  5   1.117309239290e-03  6.678224024140e-04
32  6   4.552108277830e-04  2.840553919350e-04
32  7  -5.470784088170e-04  6.619020117820e-04
32  8  -1.710008587350e-03  9.748740492790e-04
32  9   7.356867551940e-04 -1.684849792860e-03
32 10   6.204256349650e-04 -2.233143905170e-04
32 11   1.153478491950e-03 -7.277464206210e-04
32 12  -8.990079339880e-04 -1.501984570330e-03
32 13  -1.314766686000e-03  1.224243816500e-03
32 14   2.430284809610e-04  3.355156090160e-04
32 15   1.963827307630e-04 -5.956707136750e-04
32 16  -6.796432317980e-05  2.301496443310e-03
32 17   7.898432591110e-04 -5.529856010020e-04
32 18  -1.197854499010e-03  2.046817837370e-03
32 19  -8.640097355300e-04  8.517965053900e-04
32 20   3.889222577680e-05 -8.944423499530e-04
32 21  -7.826153519780e-04 -3.065734827550e-04
32 22   1.254749630210e-05 -1.008036912290e-03
32 23  -7.600339775040e-06  7.669620848500e-04
32 24   1.851574365220e-03  1.323470639400e-04
32 25   1.510323304490e-03 -1.662832327860e-03
32 26  -2.076982333960e-03  2.327424615460e-03
32 27  -1.748091448820e-03  2.006306713250e-03
32 28  -6.072013499930e-05 -1.416687086140e-03
32 29   2.254603062460e-04 -3.894198711150e-05
32 30   3.204301282780e-03 -1.618053291110e-03
32 31  -2.380645661310e-04 -1.782614288670e-03
32 32  -1.179499776930e-03  3.683332444830e-03
33  0  -1.282066191610e-03  0.000000000000e+00
33  1   1.746978830930e-04 -1.838984546480e-03
33  2  -2.084050520000e-04 -1.577983664610e-03
33  3   1.569343592880e-03  3.458675800100e-04
33  4   4.204309630890e-04  1.586686335830e-03
33  5   4.212411630420e-04  1.660885891800e-03
33  6  -9.054259986460e-04  1.456942647660e-03
33  7  -2.958451835020e-04 -1.112840701130e-04
33  8   1.780645164570e-05 -7.573495455270e-04
33  9   5.768509481900e-05 -1.431021925170e-03
33 10  -3.349770325890e-04  3.470976721130e-04
33 11  -1.315930707740e-03  1.139631687160e-03
33 12   7.146313213670e-05  3.989058024750e-04
33 13  -6.950422067580e-04  1.287590849140e-03
33 14   1.272943411360e-03 -1.655009437070e-03
33 15   9.715423397390e-04 -1.344890584820e-03
33 16  -2.245570351200e-03  7.253888430730e-04
33 17   4.932173456330e-04 -1.405802191220e-03
33 18  -1.211196658410e-04  2.414106638440e-03
33 19   3.370180582670e-04  7.429570559870e-04
33 20   2.726601914340e-03 -1.502718911490e-03
33 21   7.228360327690e-04  1.797524096140e-03
33 22   8.463383412800e-04 -2.365761448370e-03
33 23  -2.261582845910e-04 -7.486619408060e-04
33 24  -7.144624381200e-04  2.571667991170e-05
33 25   1.020373503750e-03 -2.489370085730e-03
33 26  -7.093591745130e-04  3.058090321680e-03
33 27   3.663123743110e-04  7.977217080690e-04
33 28  -9.137062263980e-04 -1.492366988820e-03
33 29  -1.750815103750e-04 -8.007428762070e-04
33 30   1.098785098100e-03 -1.122461036950e-03
33 31   1.127481406070e-03 -2.852959555760e-03
33 32  -8.358521794680e-04  8.530527013980e-04
33 33   7.317117179650e-05  5.107495488510e-03
34  0  -1.032358473260e-03  0.000000000000e+00
34  1  -2.620544690730e-04  4.280596933590e-05
34  2  -7.624881174890e-05  4.856092644830e-04
34  3  -2.225887781070e-04 -1.588382126570e-04
34  4   5.219543273770e-05  6.026912728460e-04
34  5   4.112840644400e-04 -7.080398626730e-04
34  6   5.268171659200e-04  4.141665365590e-04
34  7   1.905924706460e-05 -6.352178928150e-04
34  8  -4.775573161460e-05  1.259835693510e-04
34  9   1.450848950250e-03  1.123305686760e-03
34 10  -7.402942260300e-05  7.596248750990e-05
34 11  -1.005416776920e-03  1.768431769230e-04
34 12  -1.272020850240e-03 -9.152779763770e-04
34 13   2.334191083740e-04  6.374652705340e-04
34 14  -6.101323822630e-04 -1.608679463470e-03
34 15   1.230966322700e-03 -6.331682285790e-05
34 16  -1.786798989880e-04  1.584853778090e-03
34 17  -7.132163837040e-04 -5.181080430010e-04
34 18   8.376792141340e-04  1.913983420480e-03
34 19  -4.333194572190e-04 -6.238924085130e-04
34 20  -3.810988038330e-04 -7.584696225510e-04
34 21  -3.881007861360e-04  1.294600162310e-03
34 22  -1.129791071830e-03  4.309706669660e-05
34 23  -8.682794475300e-05  6.653055316590e-04
34 24  -2.226102031750e-04  1.645864656230e-03
34 25  -1.127103826210e-03  3.366585852140e-04
34 26   3.756093537630e-04 -1.803563853030e-04
34 27  -5.199627920060e-04 -1.071793294050e-03
34 28   4.144908717890e-04 -5.324294023330e-04
34 29   1.401447657050e-03  2.115952534520e-03
34 30  -3.120810142950e-04  4.532463284370e-04
34 31  -4.912344991080e-04  7.672241079080e-04
34 32  -3.190168807170e-04 -4.580119737930e-04
34 33   1.867141335790e-04 -1.335500311680e-03
34 34   4.227169520580e-04  3.832887353680e-03
